name 	type 	id 	sp_cost	elem 	unk3 	unk4 	grade 	skill_type 	nb_target 	unk8 	delay 	state 	unk11 	unk12 	sk_point 	unk14 	max_lvl 	require_sk 	unk17 	unk18 	unk19 	unk20 	unk21 	unk22 	desc
Ðấu vật	0	10000	0	0	7367083	0	1	1	1	0	12	0	1	1	0	1	1	0	0	0	0	0	1	0	Tấn công bình thường
Thuật mưa đá	1	10001	9	1	7367083	0	1	2	1	0	19	0	1	1	1	1	10	0	0	0	0	1	1	0	Phép mưa thiên thạch
Lôi mộc	1	10002	13	1	7367083	0	2	2	1	0	20	0	1	1	3	1	10	10001	0	0	0	1	1	0	Gọi đại thụ để tấn công
Cạm bẫy	1	10003	14	1	7367083	0	2	2	1	0	20	0	1	1	3	1	10	10001	0	0	0	1	1	0	Tạo cạm bẩy để tấn công
Cây tinh	1	10004	18	1	7367083	0	3	3	1	2	26	3	1	1	6	1	10	10002	0	0	0	1	1	0	Gọi cây tinh để trói kẻ thù
Ném đá	1	10005	22	1	7367083	0	3	1	3	0	27	0	1	1	7	1	10	10003	2	0	0	1	1	0	Dùng xe bắn đá để tấn công
Ðịa nha	1	10006	28	1	7367083	0	4	1	1	0	9	0	1	1	9	1	10	10004	1	0	0	1	1	0	Dùng răng thú thần để tấn công
Ðá lăn	1	10007	34	1	7367083	0	5	1	2	0	17	0	1	1	10	1	10	10005	2	0	0	1	1	0	Dùng đá thần để tấn công
Phi sa tẩu thạch	1	10008	38	1	7367083	0	5	2	5	0	24	0	1	1	10	1	10	10005	0	0	0	1	1	0	Gọi bão cát để tấn công
Giải kết giới	1	10009	10	1	7367083	0	5	16	1	0	22	0	1	1	1	1	1	10006	0	0	0	1	1	0	Phép phá giải kết giới
Kết giới	1	10010	33	1	7367083	0	5	4	1	1	8	101	1	1	12	1	10	10006	0	0	0	1	1	0	Mở cổng trời tránh tấn công
Thái Sơn áp đỉnh	1	10011	40	1	7367083	0	6	2	1	0	33	0	1	1	14	1	10	10007	0	0	0	1	1	0	Gọi thần núi giúp tấn công
Thiên Băng Ðịa Liệt	1	10012	50	1	7367083	0	8	2	8	0	37	0	1	1	18	1	10	10008	0	0	0	1	1	0	Tuyệt kỹ kinh thiên động địa
Vạn mã phi đằng	1	10013	45	1	7367083	0	6	2	8	0	26	0	1	1	14	1	10	10008	0	0	0	1	1	0	Gọi thiên quân vạn mã tấn công
Giải trừ kính	1	10014	10	1	7367083	0	6	16	1	0	22	0	1	1	1	1	1	10010	0	0	0	1	1	0	Phép phá giải kính 
Kính	1	10015	40	1	7367083	0	6	4	1	1	15	103	1	1	18	1	5	10010	0	0	0	1	1	0	Tạo tấm kính giúp phản đòn
Nham quái	1	10016	120	1	7367083	0	1	15	3	0	52	175	1	245	0	1	10	0	0	0	0	0	1	0	Gọi nham quái hiện thân
Gọi tiểu trung nham	1	10017	120	1	7367083	0	2	2	6	0	51	0	1	0	0	1	1	0	0	0	0	0	0	0	N/A
Gọi trung nham	1	10018	120	1	7367083	0	2	2	6	0	51	0	1	0	0	1	1	0	0	0	0	0	0	0	N/A
Gọi đại nham	1	10019	120	1	7367083	0	3	2	8	0	50	0	1	0	0	1	1	0	0	0	0	0	0	0	N/A
Ðịa Ðộng Quyết	1	10020	0	1	7367083	0	1	19	1	0	0	0	0	0	1	1	10	0	0	1	0	2	0	0	Tâm pháp thu khí Ðịa linh.
ÐịaLiệt Vô Song Kiếm	1	10021	36	1	7367083	0	5	1	1	0	18	0	1	1	8	1	10	10020	1	1	0	2	1	0	Bảo kiếm thiên địa BÀN CỔ.
Ðịa Ðộng Phá	1	10022	44	1	7367083	0	7	2	1	0	33	0	1	1	7	1	10	10020	0	1	0	2	1	0	Tụ khí địa linh đánh địch.
Khu Tượng Ðột	1	10023	54	1	7367083	0	8	2	6	0	27	0	1	1	13	1	10	10024	0	1	0	2	1	0	Dùng voi lớn để tấn công.
Hoành Tảo Thiên Quân	1	10024	48	1	7367083	0	7	2	7	0	27	0	1	1	9	1	10	10022	0	1	0	2	1	0	Tấn công địch bằng đá gỗ.
Thổ Băng Trận	1	10025	46	1	7367083	0	1	15	3	1	17	177	1	1	11	1	5	10021	0	1	0	2	1	0	Làm sạt lở đất để ngăn địch.
Linh Kính	1	10026	50	1	7367083	0	6	4	1	1	17	110	1	1	15	1	5	10025	0	1	0	2	1	0	Phản xạ khí địa linh.
Vô Gian Chấn Ba	1	10027	56	1	7367083	0	10	2	1	0	34	0	1	1	8	1	10	10011	0	2	0	3	1	0	Dùng lực ép dẹp đich thủ
Cát Thiên Hồn Phủ	1	10028	52	1	7367083	0	12	1	1	0	30	0	1	1	8	1	10	10021	1	2	0	3	1	0	Lấy rìu thần Bàn Cổ tấn công
Lưu Tinh Thiết Pháo	1	10029	56	1	7367083	0	1	1	3	0	27	0	1	1	7	1	10	10005	2	2	0	3	1	0	Phóng Thiết Pháo về địch
Lang Tinh Pháo	1	10030	44	1	7367083	0	11	2	6	0	30	0	1	1	10	1	10	10008	0	2	0	3	1	0	Bắn đạn nổ vào địch
Kim Chung Tráo	1	10031	56	1	7367083	0	10	4	1	0	35	115	1	1	12	1	10	10015	0	2	0	3	1	0	Phòng thủ nghiêm ngặt
ChiếnTượngTrùngPhong	1	10032	72	1	7367083	0	10	2	8	0	35	0	1	1	8	1	10	10013	0	2	0	3	1	0	Dùng chiến tượng đột kích địch
Sa Bộc Cầm	1	10033	44	1	7367083	0	10	3	1	2	30	3	1	1	8	1	5	10025	0	2	0	3	1	0	Biến thành Bộc Cầm bắt địch
Ðồ Nham Vương Sát	1	10034	84	1	7367083	0	14	2	8	2	34	181	1	1	15	1	10	10024	0	2	0	3	1	0	Quỷ Vương thôn tính
Sa bạo chi loạn	1	10035	67	1	7367083	0	1	20	1	0	19	0	0	0	0	0	5	0	0	0	0	0	3	0	Dùng skill Int ngẫu nhiên
Sa khau chi vũ	1	10036	65	1	7367083	0	1	20	1	0	19	0	0	0	0	0	5	0	0	0	0	0	3	0	Dùng skill Atk ngẫu nhiên
Thuật nước ngập	2	11001	8	2	7367083	0	1	2	1	0	19	0	1	1	1	1	10	0	0	0	0	1	1	0	Gọi nước lũ làm ngập quân địch
Băng tường	2	11002	11	2	7367083	0	2	4	1	2	20	104	1	1	4	1	5	11001	0	0	0	1	1	0	Tạo bức tường băng để bảo vệ
Băng kiếm	2	11003	12	2	7367083	0	2	1	1	0	19	0	1	1	3	1	10	11001	2	0	0	1	1	0	Tạo băng kiếm để tấn công
Thanh lưu	2	11004	22	2	7367083	0	2	14	1	0	35	0	1	1	6	1	10	11002	0	0	0	1	1	0	Nước thần hồi phục HP và SP
Dũng tuyền	2	11005	18	2	7367083	0	3	1	1	0	20	0	1	1	5	1	10	11003	1	0	0	1	1	0	Gọi nước để tấn công
Thuật hồi ma	2	11006	35	2	7367083	0	6	6	1	0	30	0	1	1	8	1	10	11004	0	0	0	1	1	0	Phép hồi phục SP
Thuật trị liệu	2	11007	35	2	7367083	0	6	7	1	0	27	0	1	1	8	1	10	11004	0	0	0	1	1	0	Phép hồi phục HP
Hồng thủy	2	11008	26	2	7367083	0	4	2	7	0	29	0	1	1	8	1	10	11005	0	0	0	1	1	0	Gọi đại hồng thủy để tấn công
Toàn hồi ma thuật	2	11009	40	2	7367083	0	5	6	1	0	19	0	1	1	9	1	10	11006	0	0	0	1	1	0	Phép hồi phục tòan bộ SP
Toàn trị liệu thuật	2	11010	42	2	7367083	0	5	7	1	0	20	0	1	1	9	1	10	11007	0	0	0	1	1	0	Phép hồi phục tòan bộ HP
Băng đá	2	11011	32	2	7367083	0	5	2	5	0	37	0	1	1	9	1	10	11008	0	0	0	1	1	0	Phép mưa sao băng
Trạng thái giải trừ	2	11012	15	2	7367083	0	6	5	1	0	29	0	1	1	12	1	1	11009	0	0	0	1	1	0	Phép tự giải trừ
Thuật hồi sinh	2	11013	40	2	7367083	0	6	8	1	0	30	0	1	1	12	1	10	11010	0	0	0	1	1	0	Phép cứu sống 
Băng phong	2	11014	40	2	7367083	0	6	3	1	1	27	1	1	1	16	1	10	11011	0	0	0	1	1	0	Ðóng băng để trói kẻ thù
Băng tan	2	11015	10	2	7367083	0	6	5	1	0	35	0	1	1	1	1	1	11011	0	0	0	1	1	0	Phép phá giải băng phong
Thủy thần	2	11016	120	2	7367083	0	1	18	3	0	78	0	1	245	0	1	10	0	0	0	0	0	1	0	Gọi thủy thần hiện thân
Gọi tiểu trung thủy	2	11017	120	2	7367083	0	2	2	6	0	78	0	1	0	0	1	1	0	0	0	0	0	0	0	N/A
Gọi trung thủy	2	11018	120	2	7367083	0	2	2	6	0	78	0	1	0	0	1	1	0	0	0	0	0	0	0	N/A
Gọi đại thủy	2	11019	120	2	7367083	0	3	2	8	0	78	0	1	0	0	1	1	0	0	0	0	0	0	0	N/A
Băng Tâm Quyết	2	11020	0	2	7367083	0	1	19	1	0	0	0	0	0	1	1	10	0	0	1	0	2	0	0	Tâm pháp thu khí Thủy linh.
Băng Tuyền Trảm	2	11021	24	2	7367083	0	3	1	1	0	25	0	1	1	7	1	10	11020	2	1	0	2	1	0	Băng xoắn ốc xoáy nát địch
Băng Phách Chùy	2	11022	30	2	7367083	0	4	1	1	0	25	0	1	1	9	1	10	11021	1	1	0	2	1	0	Ðóng băng chớp nhoáng.
Sương Hàn Ðống Liệt	2	11023	50	2	7367083	0	3	2	8	0	33	0	1	1	12	1	10	11022	0	1	0	2	1	0	Hơi đóng băng chớp nhoáng.
Minh Kính Chỉ Thủy	2	11024	45	2	7367083	0	1	19	1	1	31	53	1	1	10	1	5	11020	0	1	0	2	1	0	Nước suối tiên giúp tĩnh tâm.
Tiến Giai Trạng Giải	2	11025	48	2	7367083	0	6	5	3	0	30	0	1	1	15	1	1	11024	0	1	0	2	1	0	Tĩnh tâm hoàn toàn.
Diệu Thủ Hồi Xuân	2	11026	72	2	7367083	0	2	14	1	0	33	0	1	1	15	1	10	11025	0	1	0	2	1	0	Hút nước Thiên để trị thương.
Thiên Hồi Băng Vũ	2	11027	52	2	7367083	0	6	1	1	0	30	1	1	1	5	1	5	11014	2	2	0	3	1	0	Băng đao hồi thiên bay lượng
Sương Lôi Quyền	2	11028	52	2	7367083	0	7	1	1	0	33	1	1	1	5	1	5	11014	1	2	0	3	1	0	Xuyên huyệt đạo địch phá hoại
Siêu Hồi Ma Thuật	2	11029	60	2	7367083	0	8	6	1	0	34	0	1	1	7	1	10	11009	0	2	0	3	1	0	Ma lực Thuỷ Thần hồi phục mạnh
Thiên Giáng Cam Lâm	2	11030	72	2	7367083	0	10	14	1	0	18	0	1	1	7	1	10	11010	0	2	0	3	1	0	Tiên Lộ Cam Lâm trị bách bệnh
SiêuTrạng Giải Thuật	2	11031	60	2	7367083	0	8	5	6	0	23	0	1	1	15	1	1	11025	0	2	0	3	1	0	Thay cảnh trần tục trước mắt
Minh Hà Vô Tưởng	2	11032	52	2	7367083	0	15	19	1	0	30	53	1	1	10	1	5	11024	0	2	0	3	1	0	Hướng đến cảnh giới vô tưởng
Trảm Kỵ Nhất Thiểm	2	11033	60	2	7367083	0	13	1	1	0	30	0	1	1	9	1	10	11022	1	2	0	3	1	0	Buốt thấu xương
Lục Hồi Thiên BăngVũ	2	11034	84	2	7367083	0	9	2	8	0	27	0	1	1	14	1	10	11023	0	2	0	3	1	0	Cự băng bay lượn đầy trời
Hải đào chi loạn	2	11035	67	2	7367083	0	1	20	1	0	19	0	0	0	0	0	5	0	0	0	0	0	3	0	Dùng skill Atk ngẫu nhiên
Thuỷ triều chi vũ	2	11036	65	2	7367083	0	1	20	1	0	19	0	0	0	0	0	5	0	0	0	0	0	3	0	Dùng skill Int ngẫu nhiên
Thuật phóng hỏa	3	12001	9	3	7367083	0	1	2	1	0	20	0	1	1	1	1	10	0	0	0	0	1	1	0	Phóng hỏa để tấn công kẻ thù
Liệt hỏa	3	12002	12	3	7367083	0	2	2	1	0	15	0	1	1	3	1	10	12001	0	0	0	1	1	0	Tăng hỏa lực để tấn công
Hỏa tiễn	3	12003	15	3	7367083	0	2	1	3	0	15	0	1	1	4	1	10	12001	2	0	0	1	1	0	Dùng tên lửa để tấn công
Hỏa cầu	3	12004	22	3	7367083	0	3	2	1	0	22	0	1	1	7	1	10	12002	0	0	0	1	1	0	Tạo quả cầu lửa để tấn công
Hỏa luân	3	12005	22	3	7367083	0	3	2	1	0	10	0	1	1	6	1	10	12002	0	0	0	1	1	0	Biến lửa thành đao để tấn công
Hội tâm nhất kích	3	12006	24	3	7367083	0	3	1	1	0	14	0	1	1	7	1	10	12003	1	0	0	1	1	0	Tăng cường uy lực cho tuyệt kỹ
Diễm Chi Vũ	3	12007	30	3	7367083	0	4	2	1	0	23	0	1	1	10	1	10	12004	0	0	0	1	1	0	Mượn mây lửa để tấn công 
Phong hỏa luân	3	12008	30	3	7367083	0	4	2	1	0	23	0	1	1	10	1	10	12005	0	0	0	1	1	0	Sử dụng hỏa luân để tấn công
Hỏa kiếm	3	12009	30	3	7367083	0	4	1	1	0	18	0	1	1	9	1	10	12006	1	0	0	1	1	0	Tạo kiếm lửa để tấn công
Hỏa Long	3	12010	37	3	7367083	0	5	2	1	0	22	0	1	1	12	1	10	12007	0	0	0	1	1	0	Gọi rồng lửa để tấn công
Bát diện hỏa luân	3	12011	37	3	7367083	0	5	2	1	0	22	0	1	1	13	1	10	12008	0	0	0	1	1	0	Tạo nhiều hỏa luân để tấn công
Cuồng diêm trảm	3	12012	46	3	7367083	0	5	2	6	0	26	0	1	1	12	1	10	12009	0	0	0	1	1	0	Tạo đại đao lửa để tấn công
Tam vị chân hỏa	3	12013	50	3	7367083	0	6	2	1	0	23	0	1	1	16	1	10	12010	0	0	0	1	1	0	Phép tạo lửa thiêu đốt kẻ thù
Phong Hỏa LiêuNguyên	3	12014	60	3	7367083	0	8	2	8	0	25	0	1	1	16	1	10	12011	0	0	0	1	1	0	Tuyệt kỹ cửu thiên liệt diệm 
Bạch hồng quán nhật	3	12015	50	3	7367083	0	6	1	1	0	15	0	1	1	16	1	10	12012	1	0	0	1	1	0	Tuyệt kỹ xuyên thiên phá nhật 
Phụng hoàng	3	12016	120	3	7367083	0	1	2	3	0	53	0	1	245	0	1	10	0	0	0	0	0	1	0	Gọi phụng hoàng lửa hiện thân
Gọi tiểu trung phụng	3	12017	120	3	7367083	0	2	2	6	0	54	0	1	0	0	1	1	0	0	0	0	0	0	0	N/A
Gọi tiểu trung phụng	3	12018	120	3	7367083	0	2	2	6	0	54	0	1	0	0	1	1	0	0	0	0	0	0	0	N/A
Gọi đại phụng	3	12019	120	3	7367083	0	3	2	8	0	54	0	1	0	0	1	1	0	0	0	0	0	0	0	N/A
Hỏa Dương Quyết	3	12020	0	3	7367083	0	1	19	1	0	0	0	0	0	1	1	10	0	0	1	0	2	0	0	Tâm pháp thu khí Hỏa linh
Cực Dương Kiếm	3	12021	36	3	7367083	0	5	1	1	0	35	0	1	1	8	1	10	12020	1	1	0	2	1	0	Gọi kiếm thần Dương giết địch.
Cuồng Long Phệ Nhật	3	12022	66	3	7367083	0	7	1	1	0	20	0	1	1	18	1	10	12024	1	1	0	2	1	0	Gọi Thiên Long Phá Ðịa.
Sí Diễm Vô Nhị	3	12023	48	3	7367083	0	5	2	5	0	26	0	1	1	11	1	10	12020	0	1	0	2	1	0	Dung nham phun trào.
Ðan Dương Hộ Thể	3	12024	30	3	7367083	0	6	4	1	1	27	111	1	1	10	1	5	12021	0	1	0	2	1	0	Khí Ðan Dương hộ thân.
CuồngNhiệt Chiến Hồn	3	12025	60	3	7367083	0	6	19	8	1	17	52	1	1	15	1	5	12026	0	1	0	2	1	0	Tăng ý chí chiến đấu.
Ngũ Lôi Oanh Ðỉnh	3	12026	54	3	7367083	0	7	2	7	0	29	0	1	1	13	1	10	12023	0	1	0	2	1	0	Gọi Thiên Cự Lôi để phá địch
Hỏa Bạo Nhất Kích	3	12027	52	3	7367083	0	5	1	1	0	27	0	1	1	7	1	10	12006	1	2	0	3	1	0	Giáng cú đấm nảy lửa xuống
Liệt Thuật Hào Hỏa	3	12028	56	3	7367083	0	11	2	1	0	30	0	1	1	9	1	10	12011	0	2	0	3	1	0	Phóng hoả châu xuống trại địch
Xích Long Cự	3	12029	56	3	7367083	0	11	2	5	0	38	0	1	1	5	1	10	12004	0	2	0	3	1	0	Bùng nổ như rồng phun lửa
Lôi Hỏa Thiệu Lâm	3	12030	64	3	7367083	0	11	2	6	2	35	179	1	1	9	1	10	12010	0	2	0	3	1	0	Sấm sét đốt cháy địch
Dương Viêm	3	12031	52	3	7367083	0	11	1	2	2	30	179	1	1	10	1	10	12015	1	2	0	3	1	0	Cú đấm hào hùng đập tan tất cả
Chúc Dung Phần Dã	3	12032	72	3	7367083	0	7	2	8	2	45	179	1	1	9	1	10	12014	0	2	0	3	1	0	Lửa biến thành rồng uốn mình
Long Bá Liệt Trảm	3	12033	84	3	7367083	0	15	1	1	0	35	0	1	1	16	1	10	12022	1	2	0	3	1	0	Khí thế chấn động đất trời
Long Vương Chấn Hề	3	12034	84	3	7367083	0	15	2	8	0	60	0	1	1	16	1	10	12026	0	2	0	3	1	0	Khí thế chấn động đất trời
Hoả thiệt chi loạn	3	12035	67	3	7367083	0	1	20	1	0	19	0	0	0	0	0	5	0	0	0	0	0	3	0	Dùng skill Atk ngẫu nhiên
Liệt diễm chi vũ	3	12036	65	3	7367083	0	1	20	1	0	19	0	0	0	0	0	5	0	0	0	0	0	3	0	Dùng skill Int ngẫu nhiên
Chân.TLong Bá L Trảm	3	12037	84	3	7367083	0	17	1	1	0	35	0	1	1	16	1	10	0	1	2	0	3	3	0	Tước Long xoay người
Ðại Thánh trảm yêu	3	12038	84	3	7367083	0	17	1	1	0	35	0	1	1	16	1	10	0	1	2	0	3	3	0	Tuyệt kỹ Tôn Ngộ Không
ÐT trảm yêu áo nghĩa	3	12039	84	3	7367083	0	20	1	1	0	35	0	1	1	16	1	10	0	1	2	0	3	3	0	Tôn Ngộ Không tĩnh ngộ
Kim tinh hoả nhãn	3	12040	15	3	7367083	0	2	1	3	0	15	0	1	1	4	1	10	0	2	0	0	3	3	0	Sức nóng của kim tinh hoả nhãn
Xà mâu hồn phệ kích	3	12041	54	3	7367083	0	5	1	3	0	19	7	1	0	1	1	5	0	1	0	0	3	3	0	Bát Xà Mâu chấn nhiếp hồn phệ
XM Hồn phệ kích A.N	3	12042	54	3	7367083	0	7	1	3	0	19	7	1	0	1	1	5	0	1	0	0	3	3	0	Bát Xà Mâu tuyệt sát
Bạch Hổ tàng địa phệ	1	12043	56	1	7367083	0	26	2	5	0	38	0	1	1	5	1	10	0	0	0	0	3	3	0	Mã Siêu từ lòng đất bay ra
BH tàng địa phệ A.N	1	12044	60	1	7367083	0	30	2	5	0	38	0	1	1	5	1	10	0	0	0	0	3	3	0	Siêu Bạch Hổ tàng địa phệ
Thuật ngự phong	4	13001	9	4	7367083	0	1	2	1	0	18	0	1	1	1	1	10	0	0	0	0	1	1	0	Tạo ảo giác cho đối phương
Tuyền Phong	4	13002	15	4	7367083	0	2	3	1	2	17	2	1	1	3	1	5	13001	0	0	0	1	1	0	Tạo lốc xoáy khống chế kẻ thù
Lẫn tránh	4	13003	13	4	7367083	0	2	4	1	2	19	102	1	1	4	1	5	13001	0	0	0	1	1	0	Lợi dụng gió để xóa dấu vết
Cuồng phong	4	13004	23	4	7367083	0	3	2	1	0	27	0	1	1	6	1	10	13002	0	0	0	1	1	0	Gọi cuồng phong đánh liên tục
Thuật ẩn mình	4	13005	22	4	7367083	0	3	4	1	1	20	105	1	1	7	1	5	13003	0	0	0	1	1	0	Lợi dụng gió để ẩn mình
Bão Phong	4	13006	30	4	7367083	0	4	2	1	0	22	0	1	1	11	1	10	13004	0	0	0	1	1	0	Tạo bão phong càn quét địch
Huyền Kích	4	13007	31	4	7367083	0	4	1	1	2	18	5	1	1	10	1	10	13004	1	0	0	1	1	0	Ðánh nhanh làm ngất đối thủ 
Thuật phân thân	4	13008	38	4	7367083	0	4	9	1	3	18	0	1	1	13	1	1	13005	0	0	0	1	1	0	Phép phân thân tạo ảo ảnh
Phong quyển tàn vân	4	13009	40	4	7367083	0	5	1	1	0	24	0	1	1	16	1	10	13006	1	0	0	1	1	0	Tạo lốc xoáy tấn công đối thủ
Liên kích	4	13010	40	4	7367083	0	5	1	1	0	20	0	1	1	13	1	10	13007	1	0	0	1	1	0	Phép tấn công liên hòan 
Thuật thu nhỏ	4	13011	33	4	7367083	0	5	15	1	3	17	172	1	1	12	1	5	13008	0	0	0	1	1	0	Phép thu nhỏ thân hình
Thuật phóng đại	4	13012	33	4	7367083	0	5	4	1	3	17	107	1	1	12	1	5	13008	0	0	0	1	1	0	Phép phóng to thân hình
Loạn kích	4	13013	49	4	7367083	0	6	1	4	0	26	0	1	1	16	1	10	13010	1	0	0	1	1	0	Cuồng sát quân địch
Nguyên khí	4	13014	45	4	7367083	0	6	4	1	3	17	106	1	1	15	1	10	13011	0	0	0	1	1	0	Vận công để hồi phục thể lực 
Thanh long	4	13015	120	4	7367083	0	1	3	3	0	61	2	1	245	0	1	10	0	0	0	0	0	1	0	Gọi thanh long hiện thân
Gọi tiểu trung long	4	13016	120	4	7367083	0	2	2	6	0	49	0	1	0	0	1	1	0	0	0	0	0	0	0	N/A
Gọi trung long	4	13017	120	4	7367083	0	2	2	6	0	49	0	1	0	0	1	1	0	0	0	0	0	0	0	N/A
Gọi đại long	4	13018	120	4	7367083	0	3	2	8	0	82	0	1	0	0	1	1	0	0	0	0	0	0	0	N/A
Phong Ngạo Quyết	4	13019	0	4	7367083	0	1	19	1	0	0	0	0	0	1	1	10	0	0	1	0	2	0	0	Tâm pháp thu khí Phong linh
Phong Chi Chiến Ý	4	13020	60	4	7367083	0	6	19	7	1	19	51	1	1	10	1	5	13021	0	1	0	2	1	0	Lợi dụng gió để tăng tốc.
Ðẩu Chuyển Tinh Di	4	13021	48	4	7367083	0	6	4	1	1	16	112	1	1	9	1	5	13019	0	1	0	2	1	0	Phong vân khí phản công.
Liệt Phong Ðạn	4	13022	36	4	7367083	0	5	2	1	0	24	0	1	1	8	1	10	13019	0	1	0	2	1	0	Tụ gió thành bão diệt địch
Long Quyển Cụ Phong	4	13023	54	4	7367083	0	7	2	6	0	27	0	1	1	12	1	10	13024	0	1	0	2	1	0	Phong thần phá trận địch.
Ảo Ảnh Liên Kích	4	13024	44	4	7367083	0	6	1	1	0	25	0	1	1	11	1	10	13022	1	1	0	2	1	0	Dùng sức của gió hạ nhiều địch
Vô Ảnh Vô Tướng	4	13025	52	4	7367083	0	6	4	1	2	13	113	1	1	15	1	5	13020	0	1	0	2	1	0	Phép tàng hình mất dạng.
Băng Lôi	4	13026	44	4	7367083	0	10	1	1	0	30	0	1	1	11	1	10	13009	1	2	0	3	1	0	Sấm sét liên tục giáng xuống
Phong Huyễn Thần Ly	4	13027	42	4	7367083	0	10	2	1	0	34	0	1	1	9	1	10	13006	0	2	0	3	1	0	Dùng Ðiện Cầu phóng điện 
Trảm Kỵ Phi Kiếm	4	13028	48	4	7367083	0	10	2	5	0	26	0	1	1	4	1	10	13004	0	2	0	3	1	0	Chém đứt cả người lẫn ngựa
Sơn Lam	4	13029	56	4	7367083	0	14	1	1	2	30	5	1	1	9	1	10	13024	1	2	0	3	1	0	Nhanh tựa Vũ bão đột kích địch
Thức Qủy Hấp Hồn	4	13030	50	4	7367083	0	8	15	3	0	28	180	1	1	9	1	5	13014	0	2	0	3	1	0	Hấp thụ linh hồn
Phong Kình Lôi Minh	4	13031	84	4	7367083	0	12	2	8	0	30	0	1	1	11	1	10	13023	0	2	0	3	1	0	Kêu gọi sấm chớp đến công kích
Ẩn Phân Thân Thuật	4	13032	68	4	7367083	0	8	9	1	0	26	105	1	1	9	1	5	13005	0	2	0	3	1	0	Biến thân trốn vào trong gió
Chấn Ðiện	4	13033	72	4	7367083	0	13	1	4	0	28	0	1	1	8	1	10	13013	1	2	0	3	1	0	Ðiện cực đánh vào điểm yếu 
Cuồng phong chi loạn	4	13034	67	4	7367083	0	1	20	1	0	19	0	0	0	0	0	5	0	0	0	0	0	3	0	Dùng skill Atk ngẫu nhiên
Xuy phất chi vũ	4	13035	65	4	7367083	0	1	20	1	0	19	0	0	0	0	0	5	0	0	0	0	0	3	0	Dùng skill Int ngẫu nhiên
TLong Y nguyệt trảm	4	13036	72	4	7367083	0	16	1	4	0	28	0	1	1	8	1	10	0	1	2	0	3	3	0	Võ Thần xuất ra 1 kích
TL YN trảm áo nghĩa	4	13037	72	4	7367083	0	19	1	4	0	28	0	1	1	8	1	10	0	1	2	0	3	3	0	Võ Thần xuất ra tuyệt kích
Thuật trinh thám	5	14001	0	5	7367083	0	1	0	1	0	20	0	1	0	0	1	1	0	0	0	0	0	1	0	Hiện HP và thuộc tính của địch
Thuật đào tẩu	5	14002	10	5	7367083	0	2	12	1	0	5	0	1	0	0	1	1	14001	0	0	0	0	1	0	Chốn khỏi chiến trường dể dàng
Thuật mua bán	5	14003	0	5	7367083	0	2	0	1	0	20	0	1	0	0	1	8	14001	0	0	0	1	0	0	Dùng để trưng bày hàng hoá
Thuật dò xét	5	14004	0	5	7367083	0	2	0	1	0	20	0	1	0	0	1	10	14001	0	0	0	1	0	0	Kỹ năng mua khoáng sơ cấp
Thuật luyện đơn	5	14005	0	5	7367083	0	2	0	1	0	20	0	1	0	0	1	10	14001	0	0	0	1	0	0	Kỹ năng hợp thành sơ cấp
Ðại hô	5	14006	20	5	7367083	0	2	2	2	0	22	0	1	0	0	1	10	14001	1	0	0	1	1	0	Hô to để đe dọa quân địch
Giải hôn	5	14007	5	5	7367083	0	3	5	1	0	20	0	1	0	0	1	1	14002	0	0	0	0	0	0	Giải hôn mê bằng âm nhạc
Hôn mê	5	14008	15	5	7367083	0	3	3	1	2	22	6	1	0	0	1	5	14002	0	0	0	0	3	0	Gây hôn mê bằng âm nhạc
Người làm	5	14009	0	5	7367083	0	3	0	1	0	20	0	1	0	0	2	10	14003	0	0	0	0	0	0	N/A
Thuật đào khoáng	5	14010	0	5	7367083	0	3	0	1	0	20	0	1	0	0	1	10	14004	0	0	0	1	0	0	Kỹ năng đào khoáng trung cấp
Thuật đúc luyện 	5	14011	0	5	7367083	0	3	0	1	0	20	0	1	0	0	1	10	14005	0	0	0	1	0	0	Kỹ năng hợp thành trung cấp
Ðồng tâm	5	14012	36	5	7367083	0	3	4	1	3	20	108	1	0	0	1	10	14006	0	0	0	0	1	0	Ðoàn kết đề cao phòng thủ 
Cổ Vũ	5	14013	36	5	7367083	0	3	4	1	3	20	109	1	0	0	1	10	14006	0	0	0	0	3	0	Tăng sức đánh cho quân mình
Giải độc	5	14014	8	5	7367083	0	4	5	1	0	20	0	1	0	0	1	1	0	0	0	0	0	1	0	Vận công giải độc 
Bỏ độc	5	14015	25	5	7367083	0	4	15	1	4	20	171	1	0	0	1	10	0	0	0	0	1	1	0	Khiến kẻ thù bị nhiễm độc
Thuật giao dịch	5	14016	0	5	7367083	0	4	0	1	0	20	0	1	0	0	1	10	14009	0	0	0	0	0	0	N/A
Tịnh toạ	5	14017	0	5	7367083	0	4	0	1	0	20	0	1	0	0	1	10	14009	0	0	0	0	0	0	N/A
Thuật đào sâu	5	14018	0	5	7367083	0	4	0	1	0	20	0	1	0	0	1	10	14010	0	0	0	1	0	0	Kỹ năng đào khoáng cao cấp
Thuật chế tạo	5	14019	0	5	7367083	0	4	0	1	0	20	0	1	0	0	1	5	14011	0	0	0	1	0	0	Kỹ năng hợp thành cao cấp
Hoạch lí phản	5	14020	30	5	7367083	0	4	15	2	1	20	174	1	0	0	1	5	14012	0	0	0	0	0	0	Khiến quân địch mất ý trí
Hỗn loạn	5	14021	25	5	7367083	0	4	15	1	1	20	173	1	0	0	1	5	0	0	0	0	1	3	0	Gây hổn lọan cho quân địch
Giải hỗn loạn	5	14022	10	5	7367083	0	4	5	1	0	32	0	1	0	0	1	1	0	0	0	0	0	0	0	Phá bỏ tình trạng hổn loạn 
Cưỡi ngựa	5	14023	0	5	7367083	0	4	0	1	0	20	0	1	0	0	1	1	0	0	0	0	0	0	0	Kỹ năng cưỡi ngựa
Linh quang ẩn hiện	5	14024	20	5	7367083	0	1	0	1	0	12	0	1	1	0	1	1	0	0	0	0	0	0	0	Có thể thực hiện các kỹ năng
Chiếm đọat	5	14025	0	5	7367083	0	1	0	1	0	12	0	1	1	0	1	1	0	0	0	0	0	3	0	Có thể lấy itemx2 từ phía địch
Triệu gọi	5	14026	0	5	7367083	0	4	0	1	0	20	0	1	1	0	1	1	0	0	0	0	0	0	0	Học được năng lực gọi thần thú
Ðạo sư	5	14027	0	5	7367083	0	1	0	1	0	12	0	1	1	0	1	1	0	0	0	0	0	0	0	Khi giúp người mới,exp sẽ tăng
Ðoàn kết	5	14028	0	5	7367083	0	1	0	1	0	12	0	1	1	0	1	1	0	0	0	0	0	0	0	Khi chung sức,exp sẽ tăng
Cát Phổ Trại bắn đạn	5	14029	60	5	7367083	0	1	15	1	0	30	176	1	1	0	1	10	0	0	0	0	0	3	0	Giảm nhanh nhạy của kẻ địch
Cát Phổ Trại áp đỉnh	5	14030	80	5	7367083	0	8	2	1	0	33	0	1	1	0	1	10	0	0	0	0	0	3	0	Lấy tuyệt kỹ Các Phổ sái
Tiếp chiêu	5	14031	0	5	7367083	0	1	0	1	0	20	0	1	1	0	1	1	0	0	0	0	0	0	0	Hóa giải tất cả kỹ năng
Tinh luyện	5	14032	0	5	7367083	0	5	0	1	0	20	0	1	0	0	1	10	14019	0	0	0	1	0	0	Kỹ năng tổng hợp cấp 4
Xạ Tiễn	5	14033	30	5	7367083	0	1	2	1	0	29	7	1	1	0	1	5	14037	1	0	0	1	1	0	Dùng cung tên hạ địch
Kỵ Binh	5	14034	0	5	7367083	0	8	0	1	0	20	0	1	0	0	1	1	0	0	0	0	1	1	0	Có thể cưỡi các loài động vật.
Chuyển Thể	5	14035	0	5	7367083	0	1	0	0	0	0	0	0	0	0	1	1	0	0	0	0	0	0	0	Thừa kế thiên mệnh chuyển sinh
Bách Xuyên	5	14036	24	5	7367083	0	1	1	1	0	29	7	1	1	0	1	5	0	1	0	0	1	1	0	Xạ trường cung công kích địch
Tiễn Vũ 	5	14037	30	5	7367083	0	7	2	6	0	39	7	1	1	0	1	5	14036	2	0	0	1	1	0	Xạ tiễn ngập trời khó mà thoát
Ðại chu thiên	5	14038	0	5	7367083	0	1	0	0	0	30	0	0	0	1	1	10	0	0	0	0	3	0	0	Luyện khí thúc đẩy tiên mạch
Bá khí	5	14039	0	5	7367083	0	1	0	0	0	30	0	0	0	1	1	10	14038	0	0	0	3	0	0	Lấy khí bá đạo nâng cao uy lực
Bá ý	5	14040	46	5	7367083	0	1	19	0	0	27	54	0	0	1	1	5	14038	0	0	0	3	1	0	Ðòn chí mạng của Tiểu Bá Vương
Lực bạt sơn hề	5	14041	0	5	7367083	0	1	0	0	0	30	0	0	0	1	1	10	14038	0	0	0	3	0	0	Khích lệ sức mạnh đồng đội
Sóng cuồng	5	14042	54	5	7367083	0	8	1	3	0	19	7	1	0	1	1	5	14038	1	0	0	3	1	0	Thế cuồng nộ của sóng
Anh khí hộ thân	5	14043	0	5	7367083	0	1	0	0	0	30	0	0	0	1	1	10	14038	0	0	0	3	0	0	Chống mọi sự tập kích
ThiênThần thuẫn	5	14044	46	5	7367083	0	0	19	1	0	30	56	1	0	1	1	5	14038	0	0	0	3	1	0	Vứt bỏ tâm để bảo vệ đồng đội
Tâm nhãn	5	14045	0	5	7367083	0	1	0	1	0	30	0	1	1	1	1	10	14038	0	0	0	3	0	0	Dùng tâm nhãn nhìn thấu tâm tư
NgưngKhí HộThân	5	14046	46	5	7367083	0	1	19	0	0	12	57	0	0	1	1	5	14038	0	0	0	3	1	0	Chống lại công kích của địch
Dùng kế	5	14047	0	5	7367083	0	1	0	0	0	30	0	0	0	1	1	10	14038	0	0	0	3	0	0	Xuất chiêu vào đúng thời điểm
Trí thủ	5	14048	0	5	7367083	0	1	0	0	0	30	0	0	0	1	1	10	14038	0	0	0	3	0	0	Chỉ ra những điểm yếu của địch
Chống địch	5	14049	0	5	7367083	0	1	0	0	0	30	0	0	0	1	1	10	14038	0	0	0	3	0	0	Giảm tổn thương cho đồng đội
Sách động	5	14050	0	5	7367083	0	1	0	0	0	30	0	0	0	1	1	10	14038	0	0	0	3	0	0	Gia tăng uy lực của đồng đội
Tiên khiếu	5	14051	0	5	7367083	0	1	0	0	0	30	0	0	0	1	1	10	14038	0	0	0	3	0	0	Ðả thông kinh mạch
HóaHuyếtHòanHồn	5	14052	0	5	7367083	0	1	0	0	0	30	0	0	0	1	1	5	14038	0	0	0	3	0	0	Hấp thụ công kích của địch
ThánhLinh thuật	5	14053	52	5	7367083	0	1	19	1	1	30	55	0	0	1	1	5	14038	0	0	0	3	1	0	Dùng lực thánh linh công kích
CànKhônThiênLôi	5	14054	84	5	7367083	0	1	2	0	0	45	0	0	0	1	1	5	14038	0	0	0	3	1	0	Sự trừng phạt của Thiên Lôi
Tổn huyết	5	14055	0	0	7367083	1	1	0	20	0	30	0	0	0	0	0	0	0	0	0	0	3	0	0	Mất máu
Tiên khí hộ thân	5	14056	0	0	7367083	0	0	5	0	0	0	242	0	0	0	0	0	0	0	0	0	0	0	0	N/A
Vật lý giảm nữa	5	14057	0	5	7367083	0	1	0	0	0	30	0	0	0	1	1	10	0	0	0	0	3	0	0	Tổn thương vật lý giảm nữa
Thiết bố sam	5	14058	0	5	7367083	0	1	0	1	0	30	0	1	1	1	1	10	0	0	2	0	3	3	0	HP thấp tăng né tránh
Ðằng thuật giáp	5	14059	0	5	7367083	0	1	0	1	0	30	0	1	1	1	1	10	0	0	2	0	3	3	0	HP thấp tăng dmg
Toàn thể Thiên Lôi	5	14060	84	5	7367083	0	1	2	8	0	45	0	0	0	1	1	5	0	0	0	0	3	3	0	Thiên Lôi trách phạt
Thiên Lôi Thần Thuẫn	5	14061	0	5	7367083	0	1	0	0	0	30	0	0	0	1	1	10	0	0	0	0	3	3	0	Tránh né kỹ năng Thiên Lôi
Bắt cóc	6	15001	0	0	7367083	0	4	11	1	0	30	0	1	0	0	1	10	0	0	0	0	0	1	0	N/A
Thả lưới	6	15002	0	0	7367083	0	4	11	1	0	30	0	1	0	0	1	10	0	0	0	0	0	1	0	N/A
Thả lưới thành công	6	15003	0	0	7367083	0	4	11	1	0	30	0	1	0	0	1	10	0	0	0	0	0	0	0	N/A
Phãn đoàn bộ võng	7	15004	0	0	7367083	0	4	11	1	0	30	0	1	0	0	1	10	0	0	0	0	0	0	0	N/A
Thành công phãn đoàn	7	15005	0	0	7367083	0	4	11	1	0	30	0	1	0	0	1	10	0	0	0	0	0	0	0	N/A
Lầu tên	7	16001	0	0	7367083	0	10	1	1	0	15	0	1	0	0	1	10	0	2	0	0	0	0	0	N/A
Thành Môn 	7	16002	0	0	7367083	0	16	1	8	0	15	7	1	0	0	1	10	0	3	0	0	0	0	0	N/A
Phòng ngự	8	17001	0	0	7367083	0	1	10	1	0	1	0	1	0	0	1	10	0	0	0	0	0	1	0	Giảm công kích của đối phương
Chạy trốn	9	18001	0	0	7367083	0	1	12	1	0	15	0	1	0	0	1	10	0	0	0	0	0	1	0	Thoát ra chiến trường
Chạy trốn thất bại	9	18002	0	0	7367083	0	1	12	1	0	15	0	1	0	0	1	10	0	0	0	0	0	0	0	Thoát ra chiến trường thất bại
Vật phẩm	10	19001	0	0	7367083	0	0	13	1	0	24	0	1	0	0	0	0	0	0	0	0	0	1	0	Sử dụng vật thể
Cây tinh hút máu	11	20001	0	0	7367083	0	0	1	1	0	26	0	1	0	0	0	0	0	0	0	0	0	0	0	Cây tinh hút máu
Trúng độc mất máu	11	20002	0	0	7367083	0	0	1	1	0	20	0	1	0	0	0	0	0	0	0	0	0	0	0	Trúng độc hiến máu
Thương hại phản đàn	11	20003	0	0	7367083	0	0	1	1	0	20	0	1	0	0	0	0	0	0	0	0	0	0	0	Thương hại phản đàn
Thần xui xẻo	12	20004	0	0	7367083	0	0	1	1	0	30	240	1	0	0	0	0	0	0	0	0	0	0	0	Thần xui phò mình
Phúc thần	12	20005	0	0	7367083	0	0	1	1	0	30	170	1	0	0	0	0	0	0	0	0	0	0	0	Phúc thần phò mình
Hộ chủ	5	20006	0	5	7367083	0	0	17	1	0	10	241	1	0	0	1	1	0	0	0	0	0	3	0	Thay thế chủ nhân đỡ công kích
Giải hộ chủ	13	20007	0	0	7367083	0	0	17	1	0	10	0	1	0	0	0	0	0	0	0	0	0	0	0	N/A
Bùa chú	14	20008	0	0	7367083	0	0	17	1	0	10	0	1	0	0	0	0	0	0	0	0	0	1	0	N/A
Xe xung phong	7	20009	0	0	7367083	0	1	1	1	0	20	0	1	0	0	1	10	0	1	0	0	0	0	0	N/A
Xe dao	7	20010	0	0	7367083	0	1	1	1	0	12	0	1	0	0	1	10	0	1	0	0	0	0	0	N/A
Xe nỏ	7	20011	0	0	7367083	0	2	1	3	0	10	0	1	0	0	1	10	0	3	0	0	0	0	0	N/A
Xe ném đá	7	20012	0	0	7367083	0	2	1	3	0	10	0	1	0	0	1	10	0	3	0	0	0	0	0	N/A
Giếng/tháp tên	7	20013	0	0	7367083	0	3	1	1	0	8	0	1	0	0	1	10	0	3	0	0	0	0	0	N/A
Tứ nhân hỗn lọan	15	20014	50	0	7367083	0	8	15	5	3	20	173	1	0	0	1	10	0	0	0	0	0	0	0	Hỗn loạn 4người của đối phương
Tứ nhân trạng giải	15	20015	60	0	7367083	0	8	18	5	0	20	0	1	0	0	1	10	0	0	0	0	0	0	0	Trạng giải 4người của mình
Long đầu	15	20016	60	0	7367083	0	8	1	3	3	18	5	1	0	0	1	10	0	1	0	0	0	0	0	Kỹ thuật đấu vật 
Hữu long trảo	15	20017	60	0	7367083	0	8	1	6	0	24	0	1	0	0	1	10	0	1	0	0	0	0	0	Kỹ thuật đấu vật 
Tả long trảo	15	20018	60	0	7367083	0	8	2	6	0	22	0	1	0	0	1	10	0	0	0	0	0	0	0	Kỹ thuật đấu vật 
Giải thoát	15	20019	60	0	7367083	0	8	18	6	0	20	0	1	0	0	1	10	0	0	0	0	0	0	0	Giải thoát 6 người phe ta.
Tam sát	15	20020	60	0	7367083	0	16	1	3	2	18	5	1	0	0	1	10	0	1	0	0	0	0	0	Ðánh gục 3 người
Loạn Nha	15	20021	60	0	7367083	0	20	2	8	0	27	0	1	0	0	1	10	0	2	0	0	0	0	0	Toàn thể địa nha
Quy Thúc	15	20022	60	0	7367083	0	8	15	8	0	52	175	1	0	0	1	10	0	0	0	0	0	0	0	Nham Quái Kỹ sử dụng toàn thân
Tứ độc thủ	15	20023	60	0	7367083	0	8	15	5	4	20	171	1	0	0	1	10	0	0	0	0	0	0	0	Hạ độc 4 người bên địch
Thập Khí	15	20024	60	0	7367083	0	8	4	8	3	17	106	1	0	0	1	10	0	0	0	0	0	0	0	Nguyên khí của 10 người
Cây tinh 3	15	20025	36	1	7367083	0	8	3	3	3	26	3	1	0	0	1	10	0	0	0	0	0	0	0	Tam nhân thụ tinh
Băng Phong 	15	20026	80	2	7367083	0	8	3	3	3	27	1	1	0	0	1	10	0	0	0	0	0	0	0	Tam nhân băng phong
Hoàn Phong 	15	20027	30	4	7367083	0	8	3	3	4	17	2	1	0	0	1	10	0	0	0	0	0	0	0	Tam nhân hoàn phong
Bạo Phong 	15	20028	60	4	7367083	0	10	2	3	0	22	0	1	0	0	1	10	0	0	0	0	0	0	0	Tam nhân bạo phong
Bạch Hổ Pháo	15	20029	80	2	7367083	0	30	2	8	0	55	0	1	0	0	1	10	0	0	0	0	0	3	0	Chùm tia sáng của Bạch Hổ
Bạch Hổ đầu	15	20030	60	0	7367083	0	16	1	3	0	18	0	1	0	0	1	10	0	1	0	0	0	3	0	Ðầu của Bạch hổ
Tả Bạch Hổ trảo	15	20031	60	0	7367083	0	14	1	6	0	24	0	1	0	0	1	10	0	1	0	0	0	3	0	Móng trái của Bạch Hổ
HữuBạch Hổ trảo	15	20032	60	0	7367083	0	14	2	6	0	22	0	1	0	0	1	10	0	0	0	0	0	3	0	Móng phải của Bạch Hổ
Kiếm tuyệt vọng	15	20033	80	5	7367083	0	120	1	2	5	13	7	1	0	0	1	10	0	3	0	0	0	3	0	Có sức mạnh hủy diệt
Xe đầu trâu	7	20034	0	0	7367083	0	10	1	1	0	18	0	1	0	0	1	10	0	1	0	0	0	0	0	Va chạm đơn thể
Xeđao tinhluyện gang	7	20035	0	0	7367083	0	10	1	1	0	9	0	1	0	0	1	10	0	1	0	0	0	0	0	Va chạm đơn thể
Xe Vận Cung	7	20036	0	0	7367083	0	12	1	6	0	24	0	1	0	0	1	10	0	3	0	0	0	0	0	Công kich 2 lần vào 6 người
Xe lớn chở đá	7	20037	0	0	7367083	0	12	1	5	0	24	0	1	0	0	1	10	0	3	0	0	0	0	0	Hoả cầu công kích 6 người
Giếng Cường Cung	7	20038	0	0	7367083	0	13	1	7	0	21	0	1	0	0	1	10	0	3	0	0	0	0	0	Hoả tiễn 5 người
Tháp Thần Tiễn	7	20039	0	0	7367083	0	13	1	8	0	23	0	1	0	0	1	10	0	3	0	0	0	0	0	Tên bắn 10 người
Tường Ðinh	7	20040	0	0	7367083	0	30	1	8	0	54	0	1	0	0	1	10	0	1	0	0	0	0	0	Cạm bẫy 10 người
Cung tên trúc	7	20041	0	0	7367083	0	30	1	8	0	22	0	1	0	0	1	10	0	1	0	0	0	0	0	Cạm bẫy 10 người
Thuốc nổ	7	20042	0	0	7367083	0	30	1	8	0	53	0	1	0	0	1	10	0	1	0	0	0	0	0	Cạm bẫy 10 người
Ðá lớn	7	20043	0	0	7367083	0	30	1	8	0	17	0	1	0	0	1	10	0	1	0	0	0	0	0	Cạm bẫy 10 người
Phá hủy 	7	20044	0	0	7367083	0	10	1	1	0	23	0	1	0	0	1	10	0	1	0	0	0	0	0	Kỹ năng đơn thể
Thần nộ thiên tru	7	20045	0	0	7367083	0	10	1	8	0	44	0	1	0	0	1	10	0	0	0	0	0	0	0	Chủ guild sai thiên khuyển TC
Ðuổi địch	7	20046	0	0	7367083	0	10	12	1	0	0	0	1	0	0	1	10	0	0	0	0	0	0	0	Khiến tướng địch cất pet
Cường hiệu thi độc	17	20047	60	5	7367083	0	8	15	5	3	20	171	1	0	0	1	5	0	0	0	0	0	3	0	Bỏ độc 4 người
Siêu cấp toàn phong	17	20048	30	4	7367083	0	8	3	3	3	17	2	1	0	0	1	5	0	0	0	0	0	3	0	Gió lốc 3 người
Siêu cấp thụ tinh	17	20049	36	1	7367083	0	8	3	3	3	26	3	1	0	0	1	5	0	0	0	0	0	3	0	Thụ tinh 3 người
Cường hiệu giải trừ	17	20050	60	2	7367083	0	8	18	5	0	20	0	1	0	0	1	5	0	0	0	0	0	3	0	Giải trừ 4 người
Cửu vỉ hồ mi hoặc	17	20051	50	5	7367083	0	8	15	5	3	20	173	1	0	0	1	10	0	0	2	0	3	3	0	Tuyệt kỹ Ðiêu Thuyền
Chấn địa chùy	16	21001	54	1	7367083	0	7	1	1	1	29	175	1	0	0	1	1	0	2	0	0	0	3	0	Vung Chấn địa chùy đánh địch
Hàn băng quán	16	21002	44	2	7367083	0	10	2	5	0	37	0	1	0	0	1	1	0	2	0	0	0	3	0	Hàn băng xuyên qua cơ thể địch
Hồng liên hỏa	16	21003	54	3	7367083	0	12	2	1	0	34	0	1	0	0	1	1	0	2	0	0	0	3	0	Hồng Liên Hỏa đốt sạch tội lỗi
Phá không thiểm	16	21004	48	4	7367083	0	13	1	1	0	21	0	1	0	0	1	1	0	1	0	0	0	3	0	Chớp lóe phá thiên
Mãnh ngưu kích	16	21005	48	1	7367083	0	12	1	1	0	22	0	1	0	0	1	1	0	1	0	0	0	3	0	Thế mãnh ngưu tập kích kẻ thù
Băng nha nhẫn	16	21006	36	2	7367083	0	5	1	3	0	25	0	1	0	0	1	1	0	2	0	0	0	3	0	Tạo thành 3 thanh kiếm băng
Chính diệm nộ	16	21007	48	3	7367083	0	12	1	1	0	46	0	1	0	0	1	1	0	1	0	0	0	3	0	Liên hoa loạn kích
Gió độc	16	21008	30	4	7367083	0	10	15	1	3	20	171	1	0	0	1	1	0	2	0	0	0	3	0	Chất độc của ma quỷ
Vẫn tinh lạc	16	21009	48	1	7367083	0	11	1	5	0	30	0	1	0	0	1	1	0	2	0	0	0	3	0	Kêu gọi vẫn tinh đánh địch
Trùng quyền	16	21010	48	2	7367083	0	14	1	1	0	25	0	1	1	0	1	1	0	1	0	0	0	3	0	Trùng quyền thấu cả thịt xương
Hỏa phụng thiên	16	21011	72	3	7367083	0	11	2	8	0	30	0	1	1	0	1	1	0	0	0	0	0	3	0	Ðổi mạng gọi hỏa phụng đến
Hồi mã thương	16	21012	52	4	7367083	0	14	1	1	0	25	0	1	1	0	1	1	0	1	0	0	0	3	0	Tuyệt chiêu hồi mã thương
Sư Phệ	16	21013	64	1	7367083	0	14	1	1	0	35	0	1	1	0	1	1	0	1	0	0	0	3	0	Sư tử thánh linh kích địch thủ
Liềm Trảm	16	21014	72	3	7367083	0	12	1	1	2	35	179	1	1	0	1	1	0	1	0	0	0	3	0	Dùng lưỡi liềm sát hại địch
Nhị Ðoạn Thức	16	21015	56	2	7367083	0	16	1	1	0	30	0	1	1	0	1	1	0	1	0	0	0	3	0	Sét đánh như vũ bão kích địch
Ðộng Ngân 	16	21016	72	4	7367083	0	16	2	7	0	30	0	1	1	0	1	1	0	2	0	0	0	3	0	Thuận gió càn trận địa địch
Thâm Uyên	16	21017	65	1	7367083	0	16	1	1	0	25	0	1	1	0	1	1	0	1	0	0	0	3	0	Rơi vào vực sâu đao kiếm
Nhẫn Trảm	16	21018	75	3	7367083	0	16	1	1	0	25	0	1	1	0	1	1	0	1	0	0	0	3	0	Dùng Nhẫn Trảm chém giết địch
Tiễn thần Ðịnh quân	16	21019	72	4	7367083	0	16	2	2	0	30	0	1	1	0	1	1	0	3	0	0	0	3	0	Những mũi tên bắn địch như lo
Thiên tru thái bình 	16	21020	80	1	7367083	0	16	2	3	0	17	0	1	1	0	1	1	0	2	0	0	0	3	0	Niêm những câu thần chú khiến
Ðịadiệtkinhđàotrận	16	21021	80	2	7367083	0	15	2	6	0	19	0	1	1	0	1	1	0	2	0	0	0	3	0	Niệm thần chú thiên thuỷ khiến
Nhân vong tống táng 	16	21022	80	3	7367083	0	15	2	2	0	37	0	1	1	0	1	1	0	2	0	0	0	3	0	Niệm thần chú gọi lửa trời thi
Thương thiên đã chết	16	21023	80	0	7367083	0	30	1	8	0	83	0	1	1	0	1	1	0	2	0	0	0	0	0	N/A
Thácđaophápáonghĩa	16	21024	77	4	7367083	0	17	1	1	0	45	0	1	1	0	1	1	0	1	0	0	0	3	0	Tiêu diệt địch bằng Thanh hồng
Cuồng xà đoạt thủ	16	21025	77	3	7367083	0	17	1	2	0	45	0	1	1	0	1	1	0	1	0	0	0	3	0	Trương bát vừa xuất, lấy thủ c
Nhân giả vô địch	16	21026	77	1	7367083	0	17	19	3	3	45	58	1	1	0	1	1	0	0	0	0	0	3	0	Nhân giả... chính khí quá mạnh
Kết nghĩa vườn đào	16	21027	77	0	7367083	0	40	1	8	0	90	0	1	1	0	1	1	0	3	0	0	0	0	0	N/A
Nhân giả vô địch	16	21028	77	1	7367083	0	17	15	3	3	45	175	1	1	0	1	1	0	0	0	0	0	0	0	N/A
Lạc Thuỷ kết tụ	16	21029	82	2	7367083	0	18	2	6	0	34	0	1	1	0	1	1	0	2	0	0	0	3	0	Nước hồ Lạc vì kiếm mà cô đọng
Nham diệp phiêu kiếm	16	21030	82	1	7367083	0	18	2	6	0	34	0	1	1	0	1	1	0	2	0	0	0	3	0	Thánh linh hóa nham trừ ma đạo
Quang mâu thuật	18	22001	15	0	7367083	0	8	1	3	0	15	0	1	1	4	1	10	0	2	2	0	3	3	0	ầHầúấậầÙờẺệ`3ẩìỬẢấH
Phật quang chưởng	18	22002	52	0	7367083	0	7	1	1	0	33	0	1	1	5	1	5	0	1	2	0	3	3	0	ẩòầúỪEờồẹóƠxấấ, ậ@ầXổjốPậđÀỪ
Huyễn quang	18	22003	72	0	7367083	0	13	1	4	0	28	0	1	1	8	1	10	0	1	2	0	3	3	0	ộoầXẽẻỗƠốtầú, ậđÀỪấTẩìỬẢấH
Liệt diệm chi quang	18	22004	30	0	7367083	0	7	2	5	0	39	7	1	1	0	1	5	0	2	2	0	3	3	0	ẽẻỬỏếỨấõầúậđÀỪỬẢấHẽÃỠÂởôầLễÌ
Quang du thuật	18	22005	15	0	7367083	0	6	5	3	0	29	0	1	1	12	1	1	0	0	2	0	3	3	0	ịứồặấTẩìờấấÍẩUỨửồIệzếểỨA
Quang chi kính	18	22006	46	0	7367083	0	0	19	3	1	30	56	1	0	1	1	5	0	0	2	0	3	3	0	ểIẹựầúấậÃèắAểồ3ẩìờấấÍẹèớừờẺệ`
Quang tuyền quán chú	18	22007	72	0	7367083	0	2	14	1	0	33	0	1	1	15	1	10	0	0	2	0	3	3	0	ầúểuấậấOẢéế`ẽễĂé, ẩPệÉềìƠ_ẽễấư
Hồi quang phản chiếu	18	22008	40	0	7367083	0	1	0	1	0	30	0	1	1	1	1	1	0	0	2	0	3	3	0	ẽủễPẩỨấ@ÀỪềá, ẩỹồÊƠ_ểắấ@ẩị
Quang tốc đầu trịch	18	22009	104	0	7367083	0	6	2	5	0	27	0	1	1	7	1	5	0	1	2	0	3	3	0	ầHầúỠtậẻÂYÀợờắểIệiậđÀỪ
Kim tê công kích	18	22010	24	0	7367083	0	3	1	1	0	25	0	1	1	7	1	10	0	2	2	0	3	3	0	ậẻÂYếọỰôậđÀỪỰỉấè
Bạch Hổ	18	22011	120	0	7367083	0	1	2	3	0	52	0	1	245	0	1	10	0	0	2	0	3	3	0	ầlỠêầạếêậđÀỪ
Gọi tiểu Bạch Hổ	18	22012	120	0	7367083	0	2	2	5	0	51	0	1	0	0	1	1	0	0	2	0	3	3	0	N/A
Gọi trung Bạch Hổ	18	22013	120	0	7367083	0	2	2	6	0	51	0	1	0	0	1	1	0	0	2	0	3	3	0	N/A
Gọi đại Bạch Hổ	18	22014	120	0	7367083	0	3	2	8	0	50	0	1	0	0	1	1	0	0	2	0	3	3	0	N/A
Tập thức quang đạn	18	22015	84	0	7367083	0	9	2	8	0	27	0	1	1	14	1	10	0	0	2	0	3	3	0	ộoệgờồậôầúỬuậđÀỪỬẢấè
Ðồng quang chi ban	18	22016	52	0	7367083	0	7	1	1	0	33	1	1	1	5	1	5	0	1	2	0	3	3	0	ểIẹựẢặầửấậầúờẺệ`ẩPệÉệỰịjỬẢấè
C.Ð quang chi ban	18	22017	52	0	7367083	0	10	1	1	0	33	1	1	1	5	1	5	0	1	2	0	3	3	0	ểIẹựẢặầửấậầúờẺệ`ẩPệÉệỰịjỬẢấè
C.L diệm chi quang	18	22018	30	0	7367083	0	9	2	5	0	39	7	1	1	0	1	5	0	2	2	0	3	3	0	ẽẻỬỏếỨấõầúậđÀỪỬẢấHẽÃỠÂởôầLễÌ
Chân huyễn quang	18	22019	72	0	7367083	0	15	1	4	0	28	0	1	1	8	1	10	0	1	2	0	3	3	0	ộoầXẽẻỗƠốtầú, ậđÀỪấTẩìỬẢấH
C.Phật quang chưởng	18	22020	52	0	7367083	0	9	1	1	0	33	0	1	1	5	1	5	0	1	2	0	3	3	0	ẩòầúỪEờồẹóƠxấấ, ậ@ầXổjốPậđÀỪ
Siêu quang ba	18	22021	52	0	7367083	0	19	1	2	2	30	179	1	1	10	1	10	0	1	2	0	3	3	0	ếựờZÂọẽỳầXờWổjầúếi
Quyền khuynh vạn lý	18	22022	30	0	7367083	0	12	2	6	0	39	7	1	1	0	1	5	0	2	0	0	3	3	0	ẽỳễpĂýỬẢồÊỬuấặổo
Ám độc tiễn	19	23001	15	0	7367083	0	8	1	3	0	15	0	1	1	4	1	10	0	2	2	0	3	3	0	ếợởtốàẹóấ}ơbấậấWậđÀỪầửỬÐ
Ám đao trảm	19	23002	66	0	7367083	0	7	1	1	0	20	0	1	1	18	1	10	0	1	2	0	3	3	0	ỰỉỬẢấèấ@ấHẽỳầXĩĩờÂấOờqếỨổÙÀỪ
Hắc toàn trảm	19	23003	72	0	7367083	0	13	1	4	0	26	0	1	1	16	1	10	0	1	2	0	3	3	0	ẽỳầXờÂổỹổÙậđÀỪấTẩìỬẢấH
Vu độc	19	23004	30	0	7367083	0	10	2	2	0	20	0	1	0	0	1	5	0	2	2	0	3	3	0	ẹựầXậĂểrĩĩỠNờẺệ`ỬẢấHẽÃởlốÓSP
Tụ ẩn kiếm	19	23005	30	0	7367083	0	2	2	1	0	29	7	1	1	0	1	1	0	1	2	0	3	3	0	ểớởâếỨỠSịÌỬCÀuầýầXấâờẺệ`ỬẢấH
Khô lâu đầu trịch	19	23006	52	0	7367083	0	6	2	5	3	27	171	1	1	7	1	5	0	1	2	0	3	3	0	ậẻÂYớuĂ\, ậđÀỪầ|ẩìỬẢấH
Vu độc oa oa	19	23007	50	0	7367083	0	4	15	1	2	20	173	1	0	0	1	1	0	0	2	0	3	3	0	ầĨậĂểrềơềơổổẽĩỬẢấèấ@ấHấểểỹƠÝổợ
Yêu thuật kích hoả	19	23008	69	0	7367083	0	1	19	5	1	27	54	0	0	1	1	5	0	0	2	0	3	3	0	ậốỠNƯEấẳờấấÍ, ầXấâẹỹẹỹễPẹR
Mê hoặc độc trâm	19	23009	30	0	7367083	0	7	2	3	0	39	173	1	1	0	1	5	0	2	2	0	3	3	0	ầHồgƠbểrồwậđÀỪỬẢấHẽÃỗVờÃầLễÌ
Ðộc phi luân	19	23010	56	0	7367083	0	11	1	1	0	30	0	1	1	9	1	10	0	2	2	0	3	3	0	ổNờĩấWỬ@ểrếỨễịơủÂYẩVỰỉấè
Huyền Vũ	19	23011	120	0	7367083	0	1	15	3	3	53	171	1	245	0	1	10	0	0	2	0	3	3	0	ầlỠêầÈếZậđÀỪ
Gọi tiểu Huyền Vũ	19	23012	120	0	7367083	0	2	2	5	0	54	0	1	0	0	1	1	0	0	2	0	3	3	0	N/A
Gọi trung Huyền Vũ	19	23013	120	0	7367083	0	2	2	6	0	54	0	1	0	0	1	1	0	0	2	0	3	3	0	N/A
Gọi đại Huyền Vũ	19	23014	120	0	7367083	0	3	2	8	0	54	0	1	0	0	1	1	0	0	2	0	3	3	0	N/A
Vựng trảm	19	23015	56	0	7367083	0	14	1	1	2	30	5	1	1	9	1	10	0	1	2	0	3	3	0	ểớờBếỨậđÀỪếổệaếợổaớọỗvầƠởw
Hắc ám liên trảm	19	23016	84	0	7367083	0	26	1	1	0	35	0	1	1	16	1	10	0	1	2	0	3	3	0	ẩVỬẢấHẽỳầXÀợờắĩĩờÂỠsổÙ
C.Ám độc tiễn	19	23017	15	0	7367083	0	9	1	3	0	15	0	1	1	4	1	10	0	2	2	0	3	3	0	ếợởtốàẹóấ}ơbấậấWậđÀỪầửỬÐ
Chân Vu độc	19	23018	30	0	7367083	0	12	2	2	0	20	0	1	0	0	1	5	0	2	2	0	3	3	0	ẹựầXậĂểrĩĩỠNờẺệ`ỬẢấHẽÃởlốÓSP
Vạn độc xuyên tâm	19	23019	72	0	7367083	0	10	2	8	2	45	179	1	1	9	1	10	0	0	2	0	3	3	0	ểIẹựịUƠcấậểrắAẽỳỬẢấHểrệđậđấư
C.Ðộc phi luân	19	23020	56	0	7367083	0	12	1	1	0	30	0	1	1	9	1	10	0	2	2	0	3	3	0	ổNờĩấWỬ@ểrếỨễịơủÂYẩVỰỉấè
C.Ám nhẫn trẩm	19	23021	66	0	7367083	0	10	1	1	0	20	0	1	1	18	1	10	0	1	2	0	3	3	0	ỰỉỬẢấèấ@ấHẽỳầXĩĩờÂấOờqếỨổÙÀỪ
C.Mê hoặc độc trâm	19	23022	30	0	7367083	0	10	2	3	0	39	173	1	1	0	1	5	0	2	2	0	3	3	0	ầHồgƠbểrồwậđÀỪỬẢấHẽÃỗVờÃầLễÌ
Phiêu diêu lưu phong	19	23023	82	0	7367083	0	21	2	6	0	34	0	1	1	0	1	5	0	2	0	0	3	3	0	ểầốềốBồÊẢẳẹƯẩủễởậjịẽỠởấậậỡ!
